30 30
0 0 0 0 0 0 0 0 0 0 0 0 0 0 0 0 0 0 0 0 0 0 0 0 0 0 0 0 0 0 
0 8 10 1 2 10 8 6 9 1 6 9 5 8 10 3 3 7 4 9 5 8 7 8 4 8 8 1 6 0 
0 1 10 7 6 4 8 10 8 8 7 1 1 8 9 4 8 1 4 2 3 7 7 5 6 9 9 7 4 0 
0 4 3 5 8 1 3 5 10 1 6 9 10 5 8 3 3 3 8 9 3 1 10 2 8 4 5 1 10 0 
0 5 7 10 10 9 7 1 3 2 9 6 7 2 6 5 8 8 3 10 5 2 5 2 8 5 4 7 7 0 
0 8 2 5 5 10 1 10 7 5 1 1 2 6 2 3 1 8 6 5 8 10 7 10 5 2 5 2 2 0 
0 2 1 5 9 2 9 4 1 6 2 5 6 1 3 6 9 8 1 6 7 7 1 9 10 4 3 9 7 0 
0 3 5 10 1 8 3 5 9 9 8 9 9 6 5 8 6 7 2 7 1 8 3 4 9 4 4 9 1 0 
0 4 8 8 7 10 9 8 3 8 10 8 6 10 7 7 4 8 4 3 3 8 10 9 10 7 10 9 4 0 
0 8 10 9 10 9 2 4 4 1 2 7 2 5 5 8 2 10 1 6 5 1 7 6 9 7 3 2 1 0 
0 3 6 2 4 2 9 9 7 7 3 2 6 3 9 9 4 5 6 7 9 10 5 10 5 3 1 5 6 0 
0 10 3 7 3 9 8 3 7 3 7 1 9 1 4 5 2 1 7 5 1 6 7 9 6 10 8 5 9 0 
0 8 10 7 8 4 3 10 4 5 3 8 2 5 5 8 3 3 6 5 1 2 9 1 7 2 5 6 7 0 
0 2 3 7 7 2 3 9 5 1 10 2 7 10 9 8 7 6 8 8 9 2 8 7 7 1 3 10 10 0 
0 2 6 4 8 1 5 1 8 4 4 4 5 1 9 2 4 9 7 3 2 1 5 3 6 9 3 9 4 0 
0 8 5 3 6 9 9 6 1 8 10 7 10 1 6 6 6 1 6 4 4 6 4 3 1 10 5 8 9 0 
0 4 3 3 6 5 7 2 10 4 1 5 10 10 2 8 1 6 6 7 8 7 9 10 10 1 5 2 2 0 
0 8 3 6 3 10 6 3 1 1 4 10 8 10 7 4 5 9 5 4 5 4 4 10 3 5 1 4 9 0 
0 2 8 8 6 5 7 9 2 3 1 10 5 7 10 1 5 3 10 6 8 8 2 10 8 8 9 2 7 0 
0 8 9 9 10 4 10 10 8 5 6 8 2 3 10 3 2 7 5 7 1 3 1 2 5 8 8 1 6 0 
0 6 8 6 4 4 7 10 1 9 3 1 3 10 3 5 7 9 5 10 5 9 5 4 10 1 8 9 3 0 
0 10 5 8 4 9 7 4 7 5 2 7 8 8 4 2 1 1 5 2 8 10 3 5 9 9 7 1 4 0 
0 1 2 5 10 8 8 10 4 10 8 2 10 10 8 6 8 8 1 1 4 10 10 2 6 6 8 9 1 0 
0 4 4 9 10 8 6 10 3 6 9 6 7 5 9 8 10 9 9 2 10 5 5 1 10 7 4 1 5 0 
0 3 7 5 4 7 2 6 10 5 8 10 9 5 1 3 6 8 2 7 9 2 4 6 7 9 7 6 7 0 
0 2 10 5 7 3 9 6 3 8 1 10 8 3 9 2 8 3 7 9 9 6 5 8 7 10 3 6 5 0 
0 6 4 10 4 1 2 2 8 3 5 2 6 2 5 8 9 7 1 8 7 3 8 5 6 10 6 3 6 0 
0 6 8 7 8 10 4 4 1 7 3 5 3 6 3 6 3 6 1 3 1 9 4 4 7 7 1 2 10 0 
0 5 7 3 2 6 4 4 1 5 7 5 3 6 5 6 8 4 5 2 1 8 10 7 7 10 8 6 10 0 
0 0 0 0 0 0 0 0 0 0 0 0 0 0 0 0 0 0 0 0 0 0 0 0 0 0 0 0 0 0